1.159561400000000075e+00 5.014119999999999688e-02 -9.000000000000000000e+00 1.064929999999999932e+00
1.199697100000000072e+00 1.113979999999999970e-01 -9.000000000000000000e+00 3.224079999999999835e+00
1.241221899999999989e+00 2.046070000000000111e-01 3.135249999999999843e-02 6.571629999999999860e+00
1.284183999999999992e+00 2.277109999999999967e-01 2.898689999999999947e-02 7.937969999999999970e+00
1.328633100000000011e+00 1.518680000000000030e-01 2.139030000000000098e-02 7.161150000000000126e+00
1.374620799999999976e+00 6.531049999999999356e-02 -9.000000000000000000e+00 2.166450000000000209e+00
1.422200200000000025e+00 6.710159999999999736e-02 -9.000000000000000000e+00 2.583120000000000083e+00
1.471426399999999912e+00 1.379509999999999903e-01 -9.000000000000000000e+00 4.364349999999999952e+00
1.522356400000000054e+00 1.365500000000000047e-01 -9.000000000000000000e+00 4.844050000000000189e+00
1.575049600000000050e+00 2.349410000000000109e-01 2.584940000000000154e-02 9.213720000000000354e+00
1.629566300000000023e+00 3.422760000000000247e-01 2.779780000000000098e-02 1.267839999999999989e+01
1.685970100000000027e+00 3.434579999999999855e-01 3.443310000000000121e-02 1.012940000000000040e+01
1.744326000000000043e+00 2.612340000000000217e-01 2.502390000000000170e-02 1.064809999999999945e+01
1.804702100000000087e+00 1.943050000000000055e-01 2.339739999999999875e-02 8.410000000000000142e+00
1.867167800000000044e+00 2.159419999999999951e-01 2.966059999999999877e-02 7.344179999999999708e+00
1.931795699999999893e+00 2.551280000000000214e-01 3.940819999999999740e-02 6.527569999999999872e+00
1.998660300000000056e+00 2.153869999999999951e-01 2.629650000000000043e-02 8.316760000000000375e+00
2.067839600000000111e+00 3.668250000000000122e-01 3.344060000000000088e-02 1.128500000000000014e+01
2.139413100000000068e+00 4.062100000000000155e-01 2.904800000000000090e-02 1.473939999999999984e+01
2.213464099999999934e+00 3.741129999999999733e-01 3.175719999999999932e-02 1.228240000000000087e+01
2.290078100000000116e+00 3.027540000000000231e-01 3.803430000000000005e-02 8.158810000000000784e+00
2.369343999999999895e+00 2.957420000000000049e-01 5.510450000000000070e-02 5.493019999999999570e+00
